                [38;2;127;0;255m█[38;2;127;0;255m█[38;2;127;0;255m█[38;2;127;0;255m█[38;2;127;0;255m█[38;2;127;0;255m█[38;2;127;0;255m█[38;2;127;0;255m█                [0m
           [38;2;127;0;255m█[38;2;127;0;255m█[38;2;127;0;255m█[38;2;127;0;255m█[38;2;127;0;255m█[38;2;127;0;255m█[38;2;127;0;255m█[38;2;127;0;255m█[38;2;127;0;255m█[38;2;127;0;255m█[38;2;127;0;255m█[38;2;127;0;255m█[38;2;127;0;255m█[38;2;127;0;255m█[38;2;127;0;255m█[38;2;127;0;255m█[38;2;127;0;255m█[38;2;127;0;255m█           [0m
        [38;2;127;0;255m█[38;2;127;0;255m█[38;2;127;0;255m█[38;2;127;0;255m█[38;2;127;0;255m█[38;2;127;0;255m█[38;2;127;0;255m█[38;2;127;0;255m█[38;2;127;0;255m█[38;2;127;0;255m█[38;2;127;0;255m█[38;2;127;0;255m█[38;2;127;0;255m█[38;2;127;0;255m█[38;2;127;0;255m█[38;2;127;0;255m█[38;2;127;0;255m█[38;2;127;0;255m█[38;2;127;0;255m█[38;2;127;0;255m█[38;2;127;0;255m█[38;2;127;0;255m█[38;2;127;0;255m█[38;2;127;0;255m█        [0m
     [38;2;127;0;255m█[38;2;127;0;255m█[38;2;127;0;255m█[38;2;127;0;255m█[38;2;127;0;255m█[38;2;127;0;255m█[38;2;127;0;255m█[38;2;127;0;255m█[38;2;127;0;255m█[38;2;127;0;255m█[38;2;127;0;255m█[38;2;127;0;255m█[38;2;127;0;255m█[38;2;127;0;255m█[38;2;127;0;255m█[38;2;127;0;255m█[38;2;127;0;255m█[38;2;127;0;255m█[38;2;127;0;255m█[38;2;127;0;255m█[38;2;127;0;255m█[38;2;127;0;255m█[38;2;127;0;255m█[38;2;127;0;255m█[38;2;127;0;255m█[38;2;127;0;255m█[38;2;127;0;255m█[38;2;127;0;255m█[38;2;127;0;255m█      [0m
    [38;2;127;0;255m█[38;2;127;0;255m█[38;2;127;0;255m█[38;2;127;0;255m█[38;2;127;0;255m█[38;2;127;0;255m█[38;2;127;0;255m█[38;2;127;0;255m█[38;2;127;0;255m█[38;2;127;0;255m█[38;2;127;0;255m█[38;2;127;0;255m█[38;2;127;0;255m█[38;2;127;0;255m█[38;2;127;0;255m█[38;2;127;0;255m█[38;2;127;0;255m█[38;2;127;0;255m█[38;2;127;0;255m█[38;2;127;0;255m█[38;2;127;0;255m█[38;2;127;0;255m█[38;2;127;0;255m█[38;2;127;0;255m█[38;2;127;0;255m█[38;2;127;0;255m█[38;2;127;0;255m█[38;2;127;0;255m█[38;2;127;0;255m█[38;2;127;0;255m█[38;2;127;0;255m█[38;2;127;0;255m█    [0m
   [38;2;127;0;255m█[38;2;127;0;255m█[38;2;127;0;255m█[38;2;127;0;255m█[38;2;127;0;255m█[38;2;127;0;255m█[38;2;127;0;255m█[38;2;127;0;255m█[38;2;127;0;255m█[38;2;127;0;255m█[38;2;127;0;255m█[38;2;127;0;255m█[38;2;127;0;255m█[38;2;127;0;255m█[38;2;127;0;255m█[38;2;127;0;255m█        [38;2;127;0;255m█[38;2;127;0;255m█[38;2;127;0;255m█[38;2;127;0;255m█[38;2;127;0;255m█[38;2;127;0;255m█[38;2;127;0;255m█[38;2;127;0;255m█[38;2;127;0;255m█[38;2;127;0;255m█   [0m
  [38;2;127;0;255m█[38;2;127;0;255m█[38;2;127;0;255m█[38;2;127;0;255m█[38;2;127;0;255m█[38;2;127;0;255m█[38;2;127;0;255m█[38;2;127;0;255m█[38;2;127;0;255m█[38;2;127;0;255m█[38;2;127;0;255m█[38;2;127;0;255m█[38;2;127;0;255m█[38;2;127;0;255m█      [38;2;127;0;255m█       [38;2;127;0;255m█[38;2;127;0;255m█[38;2;127;0;255m█[38;2;127;0;255m█[38;2;127;0;255m█[38;2;127;0;255m█[38;2;127;0;255m█[38;2;127;0;255m█  [0m
 [38;2;127;0;255m█[38;2;127;0;255m█[38;2;127;0;255m█[38;2;127;0;255m█[38;2;127;0;255m█[38;2;127;0;255m█[38;2;127;0;255m█[38;2;127;0;255m█[38;2;127;0;255m█[38;2;127;0;255m█[38;2;127;0;255m█[38;2;127;0;255m█[38;2;127;0;255m█    [38;2;127;0;255m█[38;2;127;0;255m█[38;2;127;0;255m█[38;2;127;0;255m█[38;2;127;0;255m█[38;2;127;0;255m█[38;2;127;0;255m█[38;2;127;0;255m█[38;2;127;0;255m█[38;2;127;0;255m█   [38;2;127;0;255m█[38;2;127;0;255m█[38;2;127;0;255m█[38;2;127;0;255m█[38;2;127;0;255m█[38;2;127;0;255m█[38;2;127;0;255m█[38;2;127;0;255m█ [0m
[38;2;127;0;255m█[38;2;127;0;255m█[38;2;127;0;255m█[38;2;127;0;255m█[38;2;127;0;255m█[38;2;127;0;255m█[38;2;127;0;255m█[38;2;127;0;255m█[38;2;127;0;255m█[38;2;127;0;255m█[38;2;127;0;255m█[38;2;127;0;255m█[38;2;127;0;255m█   [38;2;127;0;255m█[38;2;127;0;255m█[38;2;127;0;255m█[38;2;127;0;255m█[38;2;127;0;255m█[38;2;127;0;255m█[38;2;127;0;255m█[38;2;127;0;255m█[38;2;127;0;255m█[38;2;127;0;255m█[38;2;127;0;255m█[38;2;127;0;255m█[38;2;127;0;255m█   [38;2;127;0;255m█[38;2;127;0;255m█[38;2;127;0;255m█[38;2;127;0;255m█[38;2;127;0;255m█[38;2;127;0;255m█[38;2;127;0;255m█ [0m
[38;2;127;0;255m█[38;2;127;0;255m█[38;2;127;0;255m█[38;2;127;0;255m█[38;2;127;0;255m█[38;2;127;0;255m█[38;2;127;0;255m█[38;2;127;0;255m█[38;2;127;0;255m█[38;2;127;0;255m█[38;2;127;0;255m█[38;2;127;0;255m█[38;2;127;0;255m█  [38;2;127;0;255m█[38;2;127;0;255m█[38;2;127;0;255m█[38;2;127;0;255m█[38;2;127;0;255m█[38;2;127;0;255m█[38;2;127;0;255m█[38;2;127;0;255m█[38;2;127;0;255m█[38;2;127;0;255m█[38;2;127;0;255m█[38;2;127;0;255m█[38;2;127;0;255m█[38;2;127;0;255m█[38;2;127;0;255m█   [38;2;127;0;255m█[38;2;127;0;255m█[38;2;127;0;255m█[38;2;127;0;255m█[38;2;127;0;255m█[38;2;127;0;255m█[38;2;127;0;255m█[0m
[38;2;127;0;255m█[38;2;127;0;255m█[38;2;127;0;255m█[38;2;127;0;255m█[38;2;127;0;255m█[38;2;127;0;255m█[38;2;127;0;255m█   [38;2;127;0;255m█[38;2;127;0;255m█[38;2;127;0;255m█[38;2;127;0;255m█[38;2;127;0;255m█[38;2;127;0;255m█[38;2;127;0;255m█[38;2;127;0;255m█[38;2;127;0;255m█[38;2;127;0;255m█[38;2;127;0;255m█[38;2;127;0;255m█[38;2;127;0;255m█[38;2;127;0;255m█   [38;2;127;0;255m█[38;2;127;0;255m█[38;2;127;0;255m█[38;2;127;0;255m█[38;2;127;0;255m█[38;2;127;0;255m█[38;2;127;0;255m█[38;2;127;0;255m█[38;2;127;0;255m█[38;2;127;0;255m█[38;2;127;0;255m█[38;2;127;0;255m█[38;2;127;0;255m█[0m
[38;2;127;0;255m█[38;2;127;0;255m█[38;2;127;0;255m█[38;2;127;0;255m█[38;2;127;0;255m█[38;2;127;0;255m█[38;2;127;0;255m█   [38;2;127;0;255m█[38;2;127;0;255m█[38;2;127;0;255m█[38;2;127;0;255m█[38;2;127;0;255m█[38;2;127;0;255m█[38;2;127;0;255m█[38;2;127;0;255m█[38;2;127;0;255m█[38;2;127;0;255m█[38;2;127;0;255m█[38;2;127;0;255m█[38;2;127;0;255m█[38;2;127;0;255m█   [38;2;127;0;255m█[38;2;127;0;255m█[38;2;127;0;255m█[38;2;127;0;255m█[38;2;127;0;255m█[38;2;127;0;255m█[38;2;127;0;255m█[38;2;127;0;255m█[38;2;127;0;255m█[38;2;127;0;255m█[38;2;127;0;255m█[38;2;127;0;255m█ [0m
 [38;2;127;0;255m█[38;2;127;0;255m█[38;2;127;0;255m█[38;2;127;0;255m█[38;2;127;0;255m█[38;2;127;0;255m█[38;2;127;0;255m█   [38;2;127;0;255m█[38;2;127;0;255m█[38;2;127;0;255m█[38;2;127;0;255m█[38;2;127;0;255m█[38;2;127;0;255m█[38;2;127;0;255m█[38;2;127;0;255m█[38;2;127;0;255m█[38;2;127;0;255m█[38;2;127;0;255m█[38;2;127;0;255m█   [38;2;127;0;255m█[38;2;127;0;255m█[38;2;127;0;255m█[38;2;127;0;255m█[38;2;127;0;255m█[38;2;127;0;255m█[38;2;127;0;255m█[38;2;127;0;255m█[38;2;127;0;255m█[38;2;127;0;255m█[38;2;127;0;255m█[38;2;127;0;255m█[38;2;127;0;255m█ [0m
 [38;2;127;0;255m█[38;2;127;0;255m█[38;2;127;0;255m█[38;2;127;0;255m█[38;2;127;0;255m█[38;2;127;0;255m█[38;2;127;0;255m█[38;2;127;0;255m█     [38;2;127;0;255m█[38;2;127;0;255m█[38;2;127;0;255m█[38;2;127;0;255m█[38;2;127;0;255m█[38;2;127;0;255m█     [38;2;127;0;255m█[38;2;127;0;255m█[38;2;127;0;255m█[38;2;127;0;255m█[38;2;127;0;255m█[38;2;127;0;255m█[38;2;127;0;255m█[38;2;127;0;255m█[38;2;127;0;255m█[38;2;127;0;255m█[38;2;127;0;255m█[38;2;127;0;255m█[38;2;127;0;255m█  [0m
  [38;2;127;0;255m█[38;2;127;0;255m█[38;2;127;0;255m█[38;2;127;0;255m█[38;2;127;0;255m█[38;2;127;0;255m█[38;2;127;0;255m█[38;2;127;0;255m█[38;2;127;0;255m█[38;2;127;0;255m█          [38;2;127;0;255m█[38;2;127;0;255m█[38;2;127;0;255m█[38;2;127;0;255m█[38;2;127;0;255m█[38;2;127;0;255m█[38;2;127;0;255m█[38;2;127;0;255m█[38;2;127;0;255m█[38;2;127;0;255m█[38;2;127;0;255m█[38;2;127;0;255m█[38;2;127;0;255m█[38;2;127;0;255m█[38;2;127;0;255m█[38;2;127;0;255m█  [0m
   [38;2;127;0;255m█[38;2;127;0;255m█[38;2;127;0;255m█[38;2;127;0;255m█[38;2;127;0;255m█[38;2;127;0;255m█[38;2;127;0;255m█[38;2;127;0;255m█[38;2;127;0;255m█[38;2;127;0;255m█[38;2;127;0;255m█[38;2;127;0;255m█[38;2;127;0;255m█[38;2;127;0;255m█[38;2;127;0;255m█[38;2;127;0;255m█[38;2;127;0;255m█[38;2;127;0;255m█[38;2;127;0;255m█[38;2;127;0;255m█[38;2;127;0;255m█[38;2;127;0;255m█[38;2;127;0;255m█[38;2;127;0;255m█[38;2;127;0;255m█[38;2;127;0;255m█[38;2;127;0;255m█[38;2;127;0;255m█[38;2;127;0;255m█[38;2;127;0;255m█[38;2;127;0;255m█[38;2;127;0;255m█[38;2;127;0;255m█    [0m
     [38;2;127;0;255m█[38;2;127;0;255m█[38;2;127;0;255m█[38;2;127;0;255m█[38;2;127;0;255m█[38;2;127;0;255m█[38;2;127;0;255m█[38;2;127;0;255m█[38;2;127;0;255m█[38;2;127;0;255m█[38;2;127;0;255m█[38;2;127;0;255m█[38;2;127;0;255m█[38;2;127;0;255m█[38;2;127;0;255m█[38;2;127;0;255m█[38;2;127;0;255m█[38;2;127;0;255m█[38;2;127;0;255m█[38;2;127;0;255m█[38;2;127;0;255m█[38;2;127;0;255m█[38;2;127;0;255m█[38;2;127;0;255m█[38;2;127;0;255m█[38;2;127;0;255m█[38;2;127;0;255m█[38;2;127;0;255m█[38;2;127;0;255m█[38;2;127;0;255m█     [0m
       [38;2;127;0;255m█[38;2;127;0;255m█[38;2;127;0;255m█[38;2;127;0;255m█[38;2;127;0;255m█[38;2;127;0;255m█[38;2;127;0;255m█[38;2;127;0;255m█[38;2;127;0;255m█[38;2;127;0;255m█[38;2;127;0;255m█[38;2;127;0;255m█[38;2;127;0;255m█[38;2;127;0;255m█[38;2;127;0;255m█[38;2;127;0;255m█[38;2;127;0;255m█[38;2;127;0;255m█[38;2;127;0;255m█[38;2;127;0;255m█[38;2;127;0;255m█[38;2;127;0;255m█[38;2;127;0;255m█[38;2;127;0;255m█[38;2;127;0;255m█[38;2;127;0;255m█       [0m
         [38;2;127;0;255m█[38;2;127;0;255m█[38;2;127;0;255m█[38;2;127;0;255m█[38;2;127;0;255m█[38;2;127;0;255m█[38;2;127;0;255m█[38;2;127;0;255m█[38;2;127;0;255m█[38;2;127;0;255m█[38;2;127;0;255m█[38;2;127;0;255m█[38;2;127;0;255m█[38;2;127;0;255m█[38;2;127;0;255m█[38;2;127;0;255m█[38;2;127;0;255m█[38;2;127;0;255m█[38;2;127;0;255m█[38;2;127;0;255m█[38;2;127;0;255m█          [0m
              [38;2;127;0;255m█[38;2;127;0;255m█[38;2;127;0;255m█[38;2;127;0;255m█[38;2;127;0;255m█[38;2;127;0;255m█[38;2;127;0;255m█[38;2;127;0;255m█[38;2;127;0;255m█[38;2;127;0;255m█[38;2;127;0;255m█[38;2;127;0;255m█              [0m
